3.000000 0.000000
2.942356 0.390181
2.771639 0.765367
2.494409 1.111140
2.121320 1.414214
1.666711 1.662939
1.148050 1.847759
0.585271 1.961571
-0.000000 2.000000
-0.585271 1.961571
-1.148050 1.847759
-1.666711 1.662939
-2.121320 1.414214
-2.494409 1.111140
-2.771639 0.765367
-2.942356 0.390181
-3.000000 -0.000000
-2.942356 -0.390181
-2.771639 -0.765367
-2.494409 -1.111140
-2.121320 -1.414214
-1.666711 -1.662939
-1.148050 -1.847759
-0.585271 -1.961571
0.000000 -2.000000
0.585271 -1.961571
1.148050 -1.847759
1.666711 -1.662939
2.121320 -1.414214
2.494409 -1.111140
2.771639 -0.765367
2.942356 -0.390181
3.000000 0.000000
2.942356 0.390181
2.771639 0.765367
2.494409 1.111140
2.121320 1.414214
1.666711 1.662939
1.148050 1.847759
0.585271 1.961571
-0.000000 2.000000
-0.585271 1.961571
-1.148050 1.847759
-1.666711 1.662939
-2.121320 1.414214
-2.494409 1.111140
-2.771639 0.765367
-2.942356 0.390181
-3.000000 -0.000000
-2.942356 -0.390181
-2.771639 -0.765367
-2.494409 -1.111140
-2.121320 -1.414214
-1.666711 -1.662939
-1.148050 -1.847759
-0.585271 -1.961571
0.000000 -2.000000
0.585271 -1.961571
1.148050 -1.847759
1.666711 -1.662939
2.121320 -1.414214
2.494409 -1.111140
2.771639 -0.765367
2.942356 -0.390181
